
28.315277777777776
40.94777777777778
36.37
47.77638888888889
33.02333333333333
38.797777777777775
48.89805555555556
42.882222222222225
58.03
47.16388888888889
37.00944444444445
43.12111111111111
56.45361111111111
42.451388888888886
36.54805555555556
14.87111111111111
47.141666666666666
15.40611111111111
15.768333333333333
12.381944444444445
14.219444444444445
22.20277777777778
14.082777777777778
37.689166666666665
32.021388888888886
28.435833333333335
24.420555555555556
16.553055555555556
21.986666666666668
27.02722222222222
17.564722222222223
24.803055555555556
17.60472222222222
10.787777777777778
54.32333333333333
31.57111111111111
21.774166666666666
35.53777777777778
22.67
14.254444444444445
18.995555555555555
84.39027777777778
23.1225
26.463055555555556
35.48833333333334
42.90083333333333
39.46194444444444
30.767222222222223
38.82861111111111
28.906944444444445
16.335833333333333
23.343611111111112
24.48138888888889
25.544166666666666
24.670277777777777
32.3175
13.08388888888889
18.970277777777778
45.14083333333333
16.635833333333334
48.8025
41.11333333333334
16.810555555555556
18.629444444444445
32.48583333333333
19.051666666666666
25.805
12.197222222222223
41.60194444444444
20.30611111111111
24.588055555555556
13.87138888888889
15.289722222222222
26.606666666666666
18.648611111111112
30.147777777777776
38.57888888888889
16.196666666666665
19.69527777777778
19.08111111111111
45.330555555555556
11.723611111111111
24.535555555555554
10.827222222222222
9.386666666666667
12.009166666666667
19.051388888888887
21.578611111111112
16.66722222222222
37.431111111111115
10.811388888888889
36.81944444444444
35.48583333333333
49.085
11.283611111111112
11.07611111111111
29.413888888888888
15.955
11.641666666666667
23.935
44.54222222222222
62.327222222222225
41.45055555555555
47.22805555555556
50.41916666666667
48.06527777777778
42.06916666666667
47.11138888888889
41.89111111111111
48.098055555555554
46.520833333333336
40.9825
47.933055555555555
46.02861111111111
22.4975
44.19861111111111
19.585
22.226666666666667
48.95361111111111
44.405277777777776
25.219166666666666
46.465
26.115833333333335
27.85611111111111
30.761666666666667
31.48611111111111
27.351666666666667
26.46472222222222
27.460833333333333
23.795555555555556
22.224444444444444
24.020555555555557
22.511388888888888
24.65277777777778
22.433055555555555
21.659166666666668
27.08
23.749166666666667
27.749166666666667
26.160833333333333
18.37
26.615
20.446666666666665
22.74222222222222
22.600555555555555
25.720833333333335
25.190555555555555
40.94305555555555
24.176111111111112
21.71611111111111
23.960555555555555
22.588055555555556
24.364166666666666
27.16611111111111
18.209444444444443
25.23472222222222
17.711388888888887
27.621111111111112
23.961111111111112
16.15388888888889
19.766944444444444
22.230833333333333
25.183333333333334
22.64611111111111
16.3125
16.774722222222223
22.94638888888889
35.780277777777776
46.86805555555556
22.324166666666667
64.42527777777778
13.079166666666667
22.665
34.6125
25.008055555555554
25.421388888888888
21.429166666666667
15.3675
21.768055555555556
29.235555555555557
22.069166666666668
35.42777777777778
21.00888888888889
21.142222222222223
60.51638888888889
36.98444444444444
11.118611111111111
45.956944444444446
25.830555555555556
48.28388888888889
54.028055555555554
20.514722222222222
19.905555555555555
24.434444444444445
31.15277777777778
23.713333333333335
18.931944444444444
17.953055555555554
52.91916666666667
20.710833333333333
