
7794
7732
7744
7521
7411
7965
7634
7530
7455
7481
7726
7821
7549
7727
7618
7684
7679
8044
7717
7970
7719
7735
7461
7882
7756
8077
7633
8010
7594
7797
7513
7347
7540
7978
7794
8017
8069
7741
7618
7644
7739
7699
7491
7727
7346
7284
7642
7564
7675
7463
7665
7745
7849
7695
7728
7712
7931
7616
7561
7899
7604
7789
7773
7776
7740
7772
7584
7900
7784
7595
7729
7756
7846
7641
7643
7570
7519
7417
7529
7383
7751
7700
7854
7562
7613
7557
7446
7620
7820
7758
7687
7756
7995
7411
7614
7713
7731
7591
7702
7438
7732
7732
7732
7732
7732
7732
7732
7732
7732
7732
7732
7732
7732
7732
7732
7732
7732
7732
7732
7732
7732
7732
7732
7732
7732
7732
7732
7732
7732
7732
7732
7732
7732
7732
7732
7732
7732
7732
7732
7732
7732
7732
7732
7732
7732
7732
7732
7732
7732
7732
7732
7732
7732
7732
7732
7732
7732
7732
7732
7732
7732
7732
7732
7732
7732
7732
7732
7732
7732
7732
7732
7732
7732
7732
7732
7732
7732
7732
7732
7732
7732
7732
7732
7732
7732
7732
7732
7732
7732
7732
7732
7732
7732
7732
7732
7732
7732
7732
7732
7732
