
-7218.596662519483
-9370.575667735364
-5087.631292880836
-7625.0114737977265
-4474.879076475862
-5545.359661622748
-7295.412512613033
-6092.809850943932
-9452.326416129637
-6804.568727070737
-5030.392304537656
-6212.031229394546
-8930.473803265488
-5861.764290455984
-5523.608873292882
-814.5100250102299
-6933.614397744111
-968.1058548378609
-1086.7086765631395
-560.2258893485653
-713.3411658631164
-2682.499131312849
-831.7581312663997
-4989.342217099166
-4224.765027023575
-3507.3745472527658
-3339.069296187
-1279.3271481975105
-2598.3812789413173
-3517.934784493294
-1558.1979639032227
-3286.0821270583774
-1747.0813499419826
36.72488583082532
-12319.056298450518
-4092.308591588358
-2557.9165992428634
-5439.783107731729
-4418.194509734526
-1028.542047824905
-2047.8337990168377
-18056.605377329077
-3035.464987856719
-3226.2693810064943
-5312.852268467291
-6685.560363416464
-5549.97092715202
-4403.490797909144
-7276.5600525591935
-3825.9536107402537
-1411.9453942144457
-2757.758648117644
-3478.6775525353937
-3428.124650403961
-3375.0335528134433
-4789.771880064906
-848.2975991180592
-2137.0548504737117
-10369.66451620052
-1772.867863577771
-7149.33248288503
-6215.972819893317
-1849.02974259969
-2309.6679343547876
-4303.444058440195
-2186.1354506657262
-7042.930023181534
-1503.3567205271481
-5769.808951365857
-3442.2751060408973
-3629.75795406083
-1628.922415342996
-1191.2425087965619
-3894.531565760794
-2175.016673668311
-4306.539636388602
-5610.2602185671185
-1901.5770504248546
-2586.4897238109124
-5107.313611489019
-7100.836131013271
-1055.1278080115765
-6019.271313473117
-1453.7178493559584
-645.2869573010479
-622.7802372016745
-2634.31824697026
-2207.5363696530158
-4032.206276864493
-6114.780094621236
-507.6174644245117
-5331.402162335557
-4900.995889097543
-7185.8020906987595
-1426.5779544295456
-1039.3562317397127
-8775.940784953584
-1938.0764070140892
-1559.25241690098
-3608.9963671137266
-11746.396822994939
-12461.27503379589
-6917.302797238242
-8151.558296689861
-9462.167462924366
-8384.67783080328
-7336.156300061488
-8516.729657309834
-7638.326088722296
-8159.684065201928
-8420.560372729657
-7014.3452081409105
-8580.517367327657
-8208.963556146567
-3065.567225921822
-7659.112124542323
-2439.9508339246713
-3255.3693816970945
-8252.826031136163
-7963.966925111344
-3419.9015565121376
-8115.41959741852
-3376.8117411524645
-4637.879730684001
-5267.099070597421
-5128.155858914447
-4119.310923351971
-4781.993943477581
-4972.222592959457
-3516.5913569680465
-3830.934614292954
-4186.8095111998355
-3218.6949188049175
-3812.525798049278
-4115.418617258702
-3111.488854883139
-4121.857361145071
-3336.301517864885
-4519.006642481661
-4202.5979862368295
-2546.6478715793896
-4544.644116027998
-3193.1732421300508
-3524.16731290215
-3779.0435034259176
-4243.205996039916
-3806.763570585764
-9213.830892716556
-3882.885591273061
-3344.2103862287927
-4686.518974993181
-4011.5373371580167
-4124.636577204516
-4168.6911129181635
-2482.5721052294684
-4747.280870554305
-2767.694266593027
-5196.151703332904
-4174.762901538208
-1992.616002135028
-3035.752742950239
-3232.795764596829
-3839.8776252249913
-3591.821357211896
-2255.449456359392
-2069.2265685262337
-3788.404592519926
-8131.488925436421
-12067.30627533399
-4540.8359046644455
-16617.488841279894
-1438.4236985860834
-4100.158555529809
-5864.874923749588
-3852.9423783320417
-5689.0052631327935
-4345.199014492372
-1981.3060707763696
-3539.068156706541
-5954.922611163492
-3688.555348311121
-6123.747068813634
-3822.540196029297
-3886.760588235316
-14334.082119880846
-9090.257773596804
-1005.4936473893268
-8376.298055953786
-4204.505556921271
-8622.84927171939
-9488.73928841944
-4203.936324871296
-3911.4868798167545
-6196.847780606576
-6813.716479056369
-3812.028054432107
-3178.143660976981
-2690.484510472209
-8885.758188596037
-6168.27885149265
