
101935
147412
130932
171995
118884
139672
176033
154376
208908
169790
133234
155236
203233
152825
131573
53536
169710
55462
56766
44575
51190
79930
50698
135681
115277
102369
87914
59591
79152
97298
63233
89291
63377
38836
195564
113656
78387
127936
81612
51316
68384
303805
83241
95267
127758
154443
142063
110762
139783
104065
58809
84037
88133
91959
88813
116343
47102
68293
162507
59889
175689
148008
60518
67066
116949
68586
92898
43910
149767
73102
88517
49937
55043
95784
67135
108532
138884
58308
70903
68692
163190
42205
88328
38978
33792
43233
68585
77683
60002
134752
38921
132550
127749
176706
40621
39874
105890
57438
41910
86166
160352
224378
149222
170021
181509
173035
151449
169601
150808
173153
167475
147537
172559
165703
80991
159115
70506
80016
176233
159859
90789
167274
94017
100282
110742
113350
98466
95273
98859
85664
80008
86474
81041
88750
80759
77973
97488
85497
99897
94179
66132
95814
73608
81872
81362
92595
90686
147395
87034
78178
86258
81317
87711
97798
65554
90845
63761
99436
86260
58154
71161
80031
90660
81526
58725
60389
82607
128809
168725
80367
231931
47085
81594
124605
90029
91517
77145
55323
78365
105248
79449
127540
75632
76112
217859
133144
40027
165445
92990
173822
194501
73853
71660
87964
112150
85368
68155
64631
190509
74559
